x0 = 2;
x1 = 4;
x2 = 6;
x3 = 8;
f0 = 4;
f1 = 8;
f2 = 14;
f3 = 16;


